2.000000000000000111e-01 nan nan nan nan nan nan nan nan nan nan nan nan nan nan nan nan nan nan nan nan nan nan
4.000000000000000222e-01 2.430405300000000046e-01 3.581949999999999978e-03 2.469541199999999992e-01 3.721900000000000208e-03 2.566446199999999900e-01 4.197590000000000175e-03 2.755309200000000125e-01 4.257559999999999643e-03 3.021968300000000274e-01 3.777809999999999935e-03 3.310955300000000268e-01 3.658530000000000115e-03 3.665191500000000158e-01 4.672420000000000045e-03 4.072383600000000214e-01 3.777340000000000125e-03 4.531437999999999855e-01 3.466830000000000172e-03 5.013364000000000154e-01 3.465269999999999895e-03 5.536319800000000235e-01 3.830940000000000126e-03
6.000000000000000888e-01 -4.061336700000000022e-01 3.397419999999999954e-03 -4.029308600000000018e-01 4.070479999999999585e-03 -3.883045999999999998e-01 2.950280000000000003e-03 -3.692868000000000261e-01 3.085940000000000124e-03 -3.417201899999999792e-01 3.383779999999999861e-03 -3.080300400000000050e-01 3.638339999999999890e-03 -2.698447199999999824e-01 3.180380000000000013e-03 -2.261395300000000053e-01 3.218599999999999847e-03 -1.789039900000000127e-01 2.891949999999999903e-03 -1.273644600000000127e-01 3.207660000000000199e-03 -7.166754000000000180e-02 3.880049999999999905e-03
8.000000000000000444e-01 -6.558041199999999904e-01 2.861600000000000168e-03 -6.506725899999999951e-01 2.767390000000000214e-03 -6.367529699999999737e-01 3.143690000000000200e-03 -6.146573100000000123e-01 2.967630000000000181e-03 -5.876591500000000190e-01 2.518820000000000173e-03 -5.507279600000000164e-01 2.789949999999999809e-03 -5.097783599999999860e-01 3.388990000000000145e-03 -4.630183900000000019e-01 2.305300000000000144e-03 -4.116728499999999791e-01 2.928300000000000000e-03 -3.576329300000000155e-01 2.681059999999999867e-03 -3.010094799999999959e-01 3.086339999999999917e-03
1.000000000000000000e+00 -7.595909299999999975e-01 3.152009999999999795e-03 -7.546664800000000284e-01 2.534189999999999967e-03 -7.397935700000000114e-01 2.819439999999999880e-03 -7.166362899999999536e-01 3.127700000000000185e-03 -6.856032600000000476e-01 2.979170000000000169e-03 -6.483223000000000180e-01 2.596250000000000033e-03 -6.036847100000000133e-01 2.262940000000000177e-03 -5.538380800000000104e-01 3.042490000000000125e-03 -5.015811100000000522e-01 3.106450000000000183e-03 -4.434096900000000230e-01 2.416870000000000216e-03 -3.830682300000000096e-01 2.506299999999999934e-03
1.199999999999999956e+00 -7.992621800000000443e-01 2.411640000000000051e-03 -7.943928399999999890e-01 2.580840000000000044e-03 -7.800816799999999995e-01 2.351719999999999852e-03 -7.546495300000000128e-01 2.778089999999999987e-03 -7.213888000000000522e-01 2.232459999999999913e-03 -6.811837699999999662e-01 2.137790000000000089e-03 -6.357245700000000443e-01 2.283630000000000035e-03 -5.833241700000000307e-01 2.097610000000000186e-03 -5.276192899999999630e-01 2.058159999999999851e-03 -4.681943800000000211e-01 2.596049999999999920e-03 -4.052435099999999735e-01 2.415899999999999905e-03
1.400000000000000133e+00 -8.084742700000000504e-01 2.189759999999999797e-03 -8.024454899999999835e-01 1.891689999999999908e-03 -7.877400199999999852e-01 2.039329999999999789e-03 -7.620349899999999677e-01 2.583910000000000026e-03 -7.261931099999999750e-01 2.067219999999999822e-03 -6.846039200000000324e-01 1.990149999999999992e-03 -6.377769800000000489e-01 2.063929999999999845e-03 -5.838330000000000464e-01 1.838470000000000035e-03 -5.253557699999999997e-01 1.859959999999999912e-03 -4.641790299999999925e-01 2.365860000000000012e-03 -3.996267199999999908e-01 2.108119999999999786e-03
1.600000000000000089e+00 -8.025696199999999836e-01 1.635359999999999982e-03 -7.973077200000000531e-01 1.771610000000000068e-03 -7.806638599999999872e-01 2.022969999999999803e-03 -7.528307699999999825e-01 2.038369999999999852e-03 -7.175877600000000189e-01 2.003959999999999943e-03 -6.735489900000000141e-01 2.113589999999999827e-03 -6.233731500000000425e-01 2.495330000000000031e-03 -5.687107099999999527e-01 2.158909999999999996e-03 -5.101495499999999517e-01 2.173689999999999824e-03 -4.470835400000000015e-01 2.271179999999999814e-03 -3.807336399999999843e-01 1.788550000000000079e-03
1.800000000000000044e+00 -7.890745999999999594e-01 2.035209999999999970e-03 -7.822016899999999495e-01 1.603810000000000001e-03 -7.642162700000000308e-01 1.803420000000000023e-03 -7.370041699999999585e-01 1.916989999999999927e-03 -7.009074299999999980e-01 2.068640000000000062e-03 -6.554419400000000007e-01 1.788909999999999893e-03 -6.049050700000000447e-01 1.687080000000000090e-03 -5.494432099999999597e-01 1.775019999999999983e-03 -4.887805100000000014e-01 1.585040000000000017e-03 -4.246832799999999963e-01 2.074530000000000211e-03 -3.574983099999999858e-01 2.153620000000000187e-03
2.000000000000000000e+00 -7.713958600000000443e-01 1.939559999999999895e-03 -7.653971400000000314e-01 1.990879999999999993e-03 -7.473396700000000115e-01 2.167490000000000215e-03 -7.185574799999999707e-01 2.187269999999999839e-03 -6.806975899999999635e-01 1.921409999999999915e-03 -6.358830699999999947e-01 1.657110000000000050e-03 -5.844615699999999858e-01 2.388679999999999796e-03 -5.276039300000000543e-01 1.886819999999999990e-03 -4.659113799999999861e-01 1.602539999999999954e-03 -4.022271499999999778e-01 2.149569999999999953e-03 -3.338431900000000119e-01 1.899730000000000082e-03
2.200000000000000178e+00 -7.540406100000000000e-01 2.218239999999999795e-03 -7.474029399999999601e-01 1.625729999999999927e-03 -7.282838999999999841e-01 1.652379999999999951e-03 -6.993836900000000023e-01 1.969010000000000205e-03 -6.610360600000000364e-01 2.435440000000000087e-03 -6.145677200000000395e-01 1.463569999999999975e-03 -5.636373500000000369e-01 1.492770000000000034e-03 -5.053595699999999802e-01 1.558429999999999972e-03 -4.440932499999999949e-01 1.635179999999999967e-03 -3.784622000000000264e-01 1.759139999999999966e-03 -3.117497300000000027e-01 2.094139999999999977e-03
2.400000000000000355e+00 -7.353449300000000077e-01 1.904890000000000012e-03 -7.288121400000000527e-01 2.431850000000000157e-03 -7.110023800000000449e-01 1.586029999999999992e-03 -6.808996699999999569e-01 1.758009999999999955e-03 -6.420449299999999582e-01 1.680649999999999896e-03 -5.961231299999999456e-01 1.783300000000000033e-03 -5.430335899999999549e-01 2.019410000000000129e-03 -4.852365799999999729e-01 1.550600000000000069e-03 -4.244008799999999804e-01 1.640839999999999963e-03 -3.592950400000000100e-01 1.872720000000000027e-03 -2.914296599999999793e-01 2.075200000000000135e-03
2.600000000000000533e+00 -7.191221800000000552e-01 1.555869999999999996e-03 -7.135778999999999872e-01 1.838929999999999905e-03 -6.940471200000000174e-01 1.434780000000000083e-03 -6.653783500000000073e-01 1.270910000000000095e-03 -6.255436300000000172e-01 1.962269999999999900e-03 -5.777548999999999602e-01 1.839289999999999935e-03 -5.255833300000000152e-01 1.547310000000000092e-03 -4.682998999999999912e-01 1.726730000000000105e-03 -4.060914899999999994e-01 1.880649999999999987e-03 -3.411284399999999772e-01 1.744000000000000107e-03 -2.746838799999999914e-01 2.028840000000000070e-03
2.800000000000000266e+00 -7.037390500000000326e-01 1.596280000000000051e-03 -6.977307600000000054e-01 1.636000000000000084e-03 -6.794026499999999968e-01 1.779820000000000100e-03 -6.491226199999999835e-01 1.533059999999999935e-03 -6.107179200000000252e-01 1.651050000000000044e-03 -5.630843500000000112e-01 2.161789999999999805e-03 -5.112040199999999812e-01 1.584270000000000036e-03 -4.527036899999999919e-01 2.252520000000000043e-03 -3.918984500000000093e-01 1.461529999999999947e-03 -3.278121999999999980e-01 1.703220000000000081e-03 -2.606526499999999857e-01 2.118670000000000015e-03
3.000000000000000444e+00 -6.907879000000000103e-01 1.314349999999999937e-03 -6.851147600000000448e-01 2.120679999999999787e-03 -6.656588199999999844e-01 2.006159999999999888e-03 -6.364201699999999517e-01 1.638420000000000024e-03 -5.969826400000000088e-01 1.893319999999999986e-03 -5.505232300000000301e-01 2.298740000000000071e-03 -4.979039900000000185e-01 1.886480000000000058e-03 -4.402575799999999817e-01 1.703569999999999954e-03 -3.800085300000000110e-01 1.741850000000000082e-03 -3.164721899999999866e-01 1.729559999999999995e-03 -2.505477099999999790e-01 1.927260000000000084e-03
3.200000000000000178e+00 -6.794297000000000253e-01 1.340639999999999931e-03 -6.730246100000000231e-01 1.705160000000000052e-03 -6.539402100000000218e-01 1.574000000000000095e-03 -6.244618800000000247e-01 1.428879999999999994e-03 -5.860178799999999910e-01 1.908919999999999931e-03 -5.397827299999999884e-01 2.160029999999999849e-03 -4.872021599999999952e-01 1.766310000000000102e-03 -4.300796100000000011e-01 1.939570000000000053e-03 -3.709690999999999961e-01 1.886080000000000048e-03 -3.063043500000000030e-01 1.801389999999999936e-03 -2.413896600000000059e-01 1.950860000000000007e-03
3.400000000000000355e+00 -6.695982900000000404e-01 1.462970000000000069e-03 -6.631264399999999837e-01 2.102010000000000076e-03 -6.448238200000000475e-01 1.495030000000000057e-03 -6.168548700000000551e-01 1.840870000000000093e-03 -5.778289199999999681e-01 1.864339999999999921e-03 -5.320040799999999903e-01 1.991199999999999828e-03 -4.798580700000000254e-01 1.610169999999999961e-03 -4.229438699999999995e-01 1.756629999999999910e-03 -3.633970000000000256e-01 1.830629999999999974e-03 -3.001692400000000038e-01 1.615859999999999996e-03 -2.345209199999999938e-01 2.162760000000000116e-03
3.600000000000000533e+00 -6.616312699999999936e-01 1.317119999999999966e-03 -6.552379699999999474e-01 2.462460000000000083e-03 -6.371707800000000477e-01 2.083030000000000038e-03 -6.078666200000000241e-01 2.083789999999999861e-03 -5.697151799999999877e-01 1.515450000000000000e-03 -5.234838499999999728e-01 1.988730000000000185e-03 -4.743948499999999791e-01 1.833430000000000042e-03 -4.175123499999999765e-01 1.622270000000000092e-03 -3.593946499999999822e-01 1.883260000000000099e-03 -2.966172999999999726e-01 1.678620000000000025e-03 -2.305107600000000090e-01 2.022599999999999832e-03
3.800000000000000266e+00 -6.549368199999999751e-01 2.071040000000000120e-03 -6.497283799999999943e-01 2.063610000000000010e-03 -6.314039999999999653e-01 1.978530000000000046e-03 -6.018746099999999766e-01 1.772539999999999966e-03 -5.645655000000000534e-01 1.711030000000000103e-03 -5.188817500000000305e-01 1.868620000000000090e-03 -4.689764000000000155e-01 1.754829999999999975e-03 -4.141595000000000137e-01 1.918559999999999927e-03 -3.553200699999999879e-01 2.091840000000000192e-03 -2.919995799999999808e-01 2.044489999999999936e-03 -2.287859899999999946e-01 2.055630000000000131e-03
4.000000000000000000e+00 -6.496291299999999991e-01 1.783419999999999971e-03 -6.434149500000000410e-01 1.833020000000000092e-03 -6.248352999999999824e-01 1.961839999999999851e-03 -5.970765799999999679e-01 1.648319999999999994e-03 -5.603042299999999587e-01 1.549330000000000021e-03 -5.162833199999999900e-01 1.962660000000000186e-03 -4.645478800000000241e-01 2.367059999999999824e-03 -4.106463499999999933e-01 1.468780000000000042e-03 -3.532687899999999992e-01 1.960009999999999877e-03 -2.900791500000000078e-01 2.230799999999999797e-03 -2.257153500000000090e-01 1.643020000000000027e-03
4.200000000000000178e+00 -6.470783300000000349e-01 1.666699999999999909e-03 -6.389109499999999775e-01 1.436379999999999905e-03 -6.215169699999999464e-01 1.787100000000000017e-03 -5.932080100000000078e-01 1.607649999999999964e-03 -5.569622800000000318e-01 1.748030000000000026e-03 -5.123784399999999906e-01 2.171859999999999850e-03 -4.632503399999999827e-01 2.272829999999999989e-03 -4.081341600000000236e-01 2.040389999999999999e-03 -3.503079299999999896e-01 1.497819999999999967e-03 -2.881821099999999913e-01 2.212720000000000051e-03 -2.236762499999999931e-01 2.046440000000000065e-03
4.400000000000000355e+00 -6.435096799999999728e-01 1.760159999999999980e-03 -6.362704099999999530e-01 1.514280000000000010e-03 -6.179971399999999448e-01 1.702020000000000052e-03 -5.917350799999999689e-01 2.013389999999999885e-03 -5.547159000000000395e-01 1.595770000000000044e-03 -5.111661499999999858e-01 1.497920000000000024e-03 -4.628790099999999796e-01 1.911029999999999977e-03 -4.072256899999999735e-01 2.096180000000000005e-03 -3.493853100000000045e-01 1.706639999999999937e-03 -2.873072300000000245e-01 2.235449999999999937e-03 -2.229699300000000106e-01 2.311660000000000104e-03
4.600000000000000533e+00 -6.395819799999999944e-01 2.019969999999999839e-03 -6.347679999999999989e-01 1.969789999999999909e-03 -6.175946700000000122e-01 1.977459999999999895e-03 -5.905680800000000508e-01 2.120809999999999883e-03 -5.527505299999999622e-01 1.968339999999999847e-03 -5.087776499999999702e-01 1.772359999999999951e-03 -4.599323200000000056e-01 1.877509999999999986e-03 -4.067555199999999815e-01 2.115890000000000045e-03 -3.472815300000000049e-01 1.468150000000000097e-03 -2.863389700000000260e-01 2.632489999999999917e-03 -2.222772500000000095e-01 2.218250000000000170e-03
4.800000000000000711e+00 -6.384988099999999722e-01 1.520190000000000040e-03 -6.322685700000000297e-01 2.182910000000000145e-03 -6.174107599999999474e-01 1.918449999999999930e-03 -5.885443200000000097e-01 2.229179999999999877e-03 -5.522831000000000268e-01 1.821069999999999937e-03 -5.086439000000000377e-01 2.028929999999999970e-03 -4.595591600000000221e-01 2.241410000000000104e-03 -4.048644699999999763e-01 1.688620000000000052e-03 -3.478700499999999862e-01 1.983529999999999842e-03 -2.859146499999999924e-01 1.887130000000000101e-03 -2.224716999999999945e-01 1.922179999999999896e-03
5.000000000000000888e+00 -6.364575099999999486e-01 2.253219999999999789e-03 -6.316641100000000009e-01 1.769479999999999924e-03 -6.143966299999999991e-01 1.583790000000000068e-03 -5.872821999999999765e-01 1.866849999999999976e-03 -5.513367200000000024e-01 1.908270000000000105e-03 -5.083969000000000404e-01 1.800799999999999970e-03 -4.584106399999999804e-01 2.203370000000000068e-03 -4.067435099999999748e-01 1.577730000000000061e-03 -3.484106799999999726e-01 2.096649999999999816e-03 -2.859578700000000029e-01 2.032519999999999900e-03 -2.208715400000000051e-01 2.212800000000000010e-03
5.200000000000000178e+00 -6.364435999999999982e-01 1.721609999999999937e-03 -6.307142599999999710e-01 2.053450000000000067e-03 -6.120557399999999593e-01 2.161189999999999899e-03 -5.867680499999999855e-01 1.896069999999999917e-03 -5.493843400000000265e-01 1.833900000000000070e-03 -5.068521200000000171e-01 1.476700000000000061e-03 -4.590868499999999908e-01 2.034429999999999832e-03 -4.050194100000000241e-01 2.225519999999999929e-03 -3.474497200000000174e-01 1.758980000000000049e-03 -2.856002300000000105e-01 2.162250000000000109e-03 -2.204588299999999945e-01 2.004489999999999831e-03
5.400000000000000355e+00 -6.366929500000000353e-01 1.588439999999999991e-03 -6.297554199999999547e-01 1.867230000000000105e-03 -6.113802900000000484e-01 1.978600000000000064e-03 -5.853811899999999957e-01 1.797580000000000011e-03 -5.494200000000000195e-01 1.846240000000000077e-03 -5.068268400000000007e-01 2.162999999999999992e-03 -4.566883999999999943e-01 2.072229999999999992e-03 -4.030283299999999902e-01 1.500859999999999911e-03 -3.457698900000000242e-01 1.980249999999999806e-03 -2.846794100000000216e-01 2.038030000000000137e-03 -2.216756500000000019e-01 1.796159999999999987e-03
5.600000000000000533e+00 -6.348279799999999584e-01 2.090779999999999982e-03 -6.293775200000000236e-01 1.876389999999999916e-03 -6.131762699999999677e-01 1.766250000000000025e-03 -5.847653299999999721e-01 2.070719999999999852e-03 -5.495150199999999652e-01 1.896899999999999975e-03 -5.062943500000000041e-01 2.000689999999999847e-03 -4.576396500000000089e-01 1.705420000000000026e-03 -4.045007500000000200e-01 1.894129999999999946e-03 -3.468049500000000007e-01 1.721110000000000088e-03 -2.850222800000000167e-01 2.212589999999999956e-03 -2.214250000000000107e-01 1.960359999999999967e-03
5.800000000000000711e+00 -6.353007400000000304e-01 2.131189999999999821e-03 -6.300760800000000383e-01 1.861210000000000078e-03 -6.121949300000000260e-01 1.341979999999999996e-03 -5.849744199999999950e-01 2.197880000000000146e-03 -5.501284699999999805e-01 1.502599999999999986e-03 -5.061649900000000368e-01 2.127490000000000110e-03 -4.576170900000000041e-01 1.868609999999999932e-03 -4.042908399999999847e-01 1.492119999999999991e-03 -3.465165299999999893e-01 1.916120000000000106e-03 -2.859333399999999803e-01 1.828760000000000021e-03 -2.226485800000000126e-01 2.149499999999999935e-03
6.000000000000000888e+00 -6.341342800000000501e-01 2.078669999999999910e-03 -6.288474499999999745e-01 2.237349999999999929e-03 -6.120157999999999987e-01 1.545630000000000094e-03 -5.855509800000000542e-01 2.209880000000000004e-03 -5.487710999999999562e-01 2.074129999999999984e-03 -5.077676700000000043e-01 1.779399999999999992e-03 -4.586233000000000115e-01 1.930169999999999933e-03 -4.030037000000000202e-01 2.118619999999999878e-03 -3.469107300000000005e-01 1.776929999999999916e-03 -2.851730199999999993e-01 1.979100000000000130e-03 -2.221955599999999864e-01 2.360479999999999870e-03
3.000000000000000000e+01 -6.345249299999999870e-01 2.668380000000000144e-03 nan nan nan nan nan nan nan nan -5.059645900000000474e-01 1.930859999999999955e-03 nan nan nan nan nan nan nan nan nan nan
