1.000000000000000000e+00 7.042618893974731753e-04 4.699334821268109290e-04 4.441828779740464349e-04 4.673078883342809487e-04 6.170027555948619192e-04 3.794643606154519803e-04 2.763770270909673412e-04 6.359040942794241813e-04 6.856733997135118887e-04 3.015495769125083481e-04 3.412407077424083860e-04
1.199999999999999956e+00 3.485687890859039866e-04 4.115928841572068795e-04 3.546372446831899282e-04 4.589919874142510685e-04 2.661191845021144780e-04 2.881907164053110681e-04 3.087091230352214982e-04 2.947406384885971039e-04 2.645327780861447711e-04 4.125034671305726039e-04 4.973595325250739028e-04
1.399999999999999911e+00 3.091797061408192411e-04 2.843551600354889543e-04 2.801562289614199655e-04 5.790549156261194826e-04 3.125327612125694001e-04 2.446064293097748184e-04 3.128408587843408339e-04 2.092864497639194282e-04 2.357291104668932070e-04 3.379463749655500847e-04 1.980857563397936090e-04
1.599999999999999867e+00 2.171442338452171498e-04 2.545897527452680798e-04 2.789948579755357431e-04 3.103809475517077445e-04 4.027364165766454673e-04 2.919105420784608835e-04 3.173824851244839919e-04 4.549326282793187759e-04 3.198727383456255956e-04 2.963334935860274344e-04 2.054693809789270972e-04
1.799999999999999822e+00 3.115635740144404161e-04 2.179939055722387357e-04 2.551649601904766064e-04 2.358056383072558025e-04 3.050839443730304522e-04 2.544522950677291571e-04 2.170328244045756708e-04 2.267304275666112863e-04 1.989867897058294653e-04 2.600331771636649864e-04 2.554195186223495490e-04
1.999999999999999778e+00 2.091265600796199874e-04 2.916102505591544602e-04 3.125305522572405259e-04 3.002471773313617398e-04 2.475457348370149703e-04 2.272587784217871101e-04 3.798425690769331189e-04 2.192165057228414216e-04 2.023074225651819418e-04 3.010904788569725805e-04 2.102413237808881227e-04
2.199999999999999734e+00 4.764568096189840439e-04 2.360739082978311550e-04 2.374074319296996338e-04 4.226284074468354733e-04 5.059534061124821430e-04 1.866636102443951077e-04 2.055450075581531709e-04 1.526114145929300075e-04 2.144996844902981217e-04 2.536949595126689722e-04 2.896270696081044743e-04
2.399999999999999467e+00 2.635055611694056272e-04 5.141925631878136718e-04 2.368031864043778029e-04 1.926558113301392663e-04 2.454444320720093457e-04 2.375688691379813520e-04 2.921496074257241512e-04 1.890318688760741573e-04 2.056625971463029291e-04 3.579710311266319847e-04 2.849854907366116893e-04
2.599999999999999645e+00 2.127330187648854222e-04 3.880119961117506561e-04 2.152683872606716772e-04 1.588328969177863251e-04 4.526206966003692793e-04 2.634081855149693493e-04 2.244496377753321854e-04 2.450466091107945292e-04 3.525345081752236315e-04 2.061984270108817524e-04 2.724705279430905832e-04
2.799999999999999822e+00 2.153844174400343316e-04 2.528021882597983176e-04 2.823326717701686193e-04 2.072839022233016032e-04 2.279644976271272099e-04 3.396865394279037801e-04 2.215660718304834822e-04 3.398157899318964090e-04 1.361385656201540700e-04 2.192096184520506608e-04 2.478703877289577424e-04
2.999999999999999556e+00 1.819313674061368491e-04 3.607084302401394166e-04 3.260595850451816964e-04 2.408009168102169355e-04 2.612492128733860924e-04 5.424940969997148199e-04 2.786559003300410377e-04 2.290375596103862382e-04 2.202360672920627472e-04 2.214520265006298630e-04 2.307777505836024765e-04
3.199999999999999289e+00 2.511266826659829410e-04 2.541987077073255981e-04 3.047283257358600925e-04 1.926294385819719162e-04 2.655977947025041732e-04 4.374835305622004145e-04 2.579462999447999544e-04 2.039683203245359216e-04 2.830057831384290702e-04 2.571681395598714734e-04 2.331891716080904966e-04
3.399999999999999467e+00 2.104761581186279410e-04 4.902662635390010043e-04 2.289812662225747014e-04 3.657000879640354683e-04 4.039631304878647843e-04 4.073820397361598619e-04 2.219956091087001691e-04 3.251570281224045963e-04 2.723815318924985036e-04 2.056732887849484226e-04 2.309056082911396801e-04
3.599999999999999645e+00 1.726241641524026279e-04 5.763385760806917458e-04 4.698472635008493032e-04 4.581085480374223946e-04 1.926737128084365740e-04 3.147500046264384808e-04 2.622854971254804431e-04 2.454172017718480345e-04 2.821587892259199326e-04 2.303538331070980466e-04 2.700574319206308052e-04
3.799999999999999378e+00 4.646380723831946180e-04 4.609091735315831067e-04 3.730783864443301440e-04 3.730370553931879746e-04 2.706301312759308835e-04 2.401954637152143798e-04 2.619939888920649928e-04 3.653309902260442558e-04 4.067048708092187615e-04 2.745055502002318663e-04 2.985965142265772118e-04
3.999999999999999112e+00 2.909102491088681546e-04 4.033882187862957965e-04 4.062682521719823995e-04 2.326178832319530281e-04 2.243363272087800920e-04 2.323921839994986280e-04 3.997882428063756336e-04 2.044245137850459002e-04 4.003369032667080632e-04 3.332027077985242713e-04 1.918761227477168072e-04
4.199999999999999289e+00 3.551210186110308111e-04 2.139351267558528883e-04 3.908522679617426024e-04 2.895098080765365887e-04 2.825182609046980684e-04 4.983391015136499035e-04 3.039428872478705762e-04 4.102770491749974774e-04 1.912832156602185156e-04 3.458334907922051967e-04 3.470564205065278110e-04
4.399999999999999467e+00 3.118437944246439230e-04 2.203762312024768063e-04 2.627103339969317662e-04 3.596426969012075556e-04 2.490997328109803219e-04 2.591829896760155095e-04 3.688271551432095426e-04 2.966288479581908667e-04 2.400227247300240944e-04 3.136609980855193454e-04 3.258227102253239988e-04
4.599999999999999645e+00 4.466265651783125597e-04 4.041828096345698369e-04 3.098807664892126571e-04 4.641122929865605542e-04 4.026286118127488816e-04 2.493821397114341317e-04 2.909305289777211175e-04 4.433103275541165167e-04 1.740987620787710455e-04 5.969494016433404869e-04 2.851396208525200653e-04
4.799999999999998934e+00 2.209641573684513396e-04 4.332029753598657805e-04 3.755324460419276044e-04 5.298024243172771769e-04 2.916991577693362511e-04 4.314774234426771785e-04 3.545872943546802365e-04 2.494236728512053895e-04 3.158496131010953283e-04 2.720527331901833744e-04 2.716837471597618970e-04
4.999999999999999112e+00 5.195574173818245500e-04 2.550550649380836817e-04 1.827327903372118385e-04 2.431917223638827095e-04 2.804343060439313867e-04 2.681689501902644133e-04 3.354121951426922003e-04 2.221729440232310057e-04 3.119781235001959914e-04 3.011464793578476525e-04 4.768859748971361352e-04
5.199999999999999289e+00 3.632195433196995808e-04 4.709444711899535871e-04 5.189073692479657376e-04 3.825144454775076153e-04 2.427311069278687309e-04 2.139896021285678858e-04 3.987242434657455427e-04 4.526732148901252873e-04 2.582043639419983878e-04 4.592564938648406874e-04 3.914977831974656309e-04
5.399999999999998579e+00 2.325079575106830075e-04 2.369752910103022276e-04 4.351971357703494588e-04 2.667622258083284480e-04 3.693048317188952936e-04 3.287727295296075840e-04 4.488672660132343186e-04 1.799638685293746389e-04 3.902967530475382179e-04 4.259551877796861116e-04 2.149208980468742599e-04
5.599999999999998757e+00 3.245345159393351665e-04 3.053827434135530862e-04 2.671396714999139466e-04 4.856522819803054704e-04 3.451407077280174858e-04 3.218157336958141538e-04 2.159452220208894866e-04 2.580637959905612779e-04 2.257564521769629174e-04 4.741066538227089360e-04 2.482037008385002525e-04
5.799999999999998934e+00 3.569158939419220808e-04 4.213995205959635633e-04 1.918701649035016790e-04 2.683980517833103744e-04 1.814704757193022846e-04 3.179955666907363361e-04 2.784880935848367328e-04 1.803512128528434323e-04 2.837324722150305059e-04 2.147404338132564159e-04 3.115210664672300907e-04
5.999999999999999112e+00 4.479061698085392228e-04 2.571719403260897745e-04 2.386145876345805925e-04 4.722836091701789179e-04 4.388641337862162276e-04 2.722131892713213169e-04 3.699213071592154321e-04 4.196772191617500819e-04 3.420894806151980410e-04 2.329360899292968860e-04 5.174571116584947630e-04
