# R_HH,  GAUSS
1.000000000000000000e+00 2.569459999999999875e-06 2.320760000000000037e-06 2.136710000000000080e-06 2.654210000000000207e-06 2.074859999999999986e-06 2.097589999999999766e-06 2.454389999999999891e-06 2.556290000000000135e-06 2.217669999999999979e-06 2.809100000000000345e-06 2.496749999999999854e-06
1.199999999999999956e+00 2.370019999999999884e-06 2.019230000000000063e-06 1.695590000000000058e-06 2.444849999999999979e-06 2.266229999999999985e-06 2.317379999999999910e-06 2.380260000000000060e-06 2.019850000000000236e-06 2.445919999999999868e-06 2.018330000000000207e-06 2.404799999999999828e-06
1.399999999999999911e+00 2.491629999999999978e-06 2.329000000000000063e-06 2.324489999999999661e-06 2.417510000000000000e-06 2.044620000000000001e-06 2.231919999999999885e-06 2.192729999999999757e-06 1.933529999999999765e-06 1.920019999999999957e-06 2.065979999999999657e-06 1.865759999999999946e-06
1.599999999999999867e+00 2.928490000000000146e-06 1.568039999999999898e-06 1.971629999999999874e-06 2.304319999999999818e-06 1.906570000000000111e-06 1.836509999999999972e-06 1.755710000000000043e-06 2.046640000000000279e-06 2.231070000000000138e-06 1.658330000000000054e-06 2.024719999999999988e-06
1.799999999999999822e+00 2.110789999999999911e-06 1.736439999999999844e-06 1.676009999999999984e-06 1.789709999999999844e-06 2.167829999999999792e-06 1.767670000000000052e-06 1.926999999999999931e-06 1.930359999999999929e-06 1.752059999999999874e-06 1.815849999999999945e-06 2.109830000000000093e-06
1.999999999999999778e+00 2.228959999999999916e-06 1.855960000000000057e-06 1.352619999999999892e-06 1.856589999999999871e-06 2.386790000000000318e-06 1.876650000000000066e-06 1.978279999999999633e-06 1.786780000000000069e-06 1.594069999999999927e-06 1.942890000000000214e-06 1.721080000000000003e-06
2.199999999999999734e+00 1.417209999999999811e-06 1.936180000000000070e-06 1.964459999999999738e-06 1.736540000000000064e-06 1.770930000000000043e-06 1.570630000000000029e-06 2.309949999999999796e-06 1.672630000000000069e-06 1.726239999999999925e-06 1.994290000000000264e-06 2.010050000000000347e-06
2.399999999999999467e+00 1.917570000000000091e-06 1.476249999999999842e-06 1.313310000000000052e-06 1.660449999999999916e-06 1.624079999999999916e-06 1.831469999999999975e-06 1.824069999999999842e-06 1.604809999999999929e-06 2.169910000000000033e-06 1.575110000000000027e-06 1.614980000000000079e-06
2.599999999999999645e+00 1.585320000000000011e-06 1.477650000000000159e-06 1.658060000000000012e-06 1.825409999999999985e-06 1.713550000000000094e-06 1.371660000000000094e-06 1.582510000000000159e-06 1.962489999999999992e-06 1.608369999999999942e-06 1.668130000000000155e-06 2.148170000000000051e-06
2.799999999999999822e+00 1.606849999999999913e-06 1.209289999999999945e-06 1.478600000000000124e-06 1.395160000000000166e-06 1.417919999999999928e-06 2.003420000000000293e-06 1.692329999999999855e-06 1.500690000000000026e-06 1.545270000000000072e-06 1.800870000000000005e-06 1.569730000000000173e-06
2.999999999999999556e+00 1.592670000000000033e-06 1.290099999999999939e-06 1.494440000000000086e-06 1.750899999999999830e-06 2.252169999999999818e-06 2.002319999999999999e-06 1.544980000000000114e-06 1.809770000000000038e-06 2.152450000000000034e-06 2.151660000000000250e-06 1.756490000000000186e-06
3.199999999999999289e+00 2.012900000000000243e-06 1.809349999999999880e-06 1.730540000000000036e-06 1.339270000000000054e-06 1.579579999999999960e-06 1.532619999999999863e-06 1.692589999999999832e-06 1.837069999999999972e-06 1.996720000000000002e-06 1.598619999999999951e-06 2.186130000000000108e-06
3.399999999999999467e+00 1.728130000000000004e-06 1.745250000000000146e-06 1.666109999999999876e-06 1.741700000000000197e-06 1.685129999999999949e-06 1.856819999999999868e-06 1.896160000000000113e-06 1.493149999999999841e-06 2.000590000000000102e-06 1.823770000000000031e-06 2.168380000000000151e-06
3.599999999999999645e+00 1.695499999999999903e-06 2.039450000000000015e-06 1.416939999999999981e-06 1.162470000000000112e-06 1.842599999999999943e-06 2.188260000000000035e-06 2.065959999999999952e-06 1.697380000000000129e-06 1.690029999999999894e-06 2.251950000000000098e-06 1.939749999999999936e-06
3.799999999999999378e+00 1.455050000000000155e-06 1.488570000000000047e-06 1.198110000000000079e-06 1.818769999999999868e-06 2.017979999999999863e-06 1.520099999999999854e-06 1.716470000000000017e-06 1.907479999999999820e-06 2.549460000000000066e-06 1.906969999999999929e-06 1.647349999999999991e-06
3.999999999999999112e+00 1.479939999999999844e-06 1.838529999999999827e-06 1.568550000000000000e-06 1.563250000000000025e-06 1.836079999999999961e-06 1.884819999999999854e-06 1.866830000000000048e-06 1.791699999999999930e-06 2.295450000000000189e-06 1.802079999999999948e-06 1.586160000000000116e-06
4.199999999999999289e+00 1.295639999999999974e-06 1.735620000000000079e-06 1.417800000000000003e-06 1.630549999999999999e-06 2.079440000000000203e-06 1.679599999999999979e-06 1.522430000000000008e-06 1.693980000000000085e-06 1.685429999999999972e-06 1.892379999999999956e-06 2.072100000000000032e-06
4.399999999999999467e+00 1.502019999999999893e-06 1.676559999999999920e-06 1.411850000000000086e-06 1.885470000000000008e-06 1.915870000000000175e-06 1.498490000000000073e-06 1.555989999999999946e-06 1.811649999999999841e-06 2.474070000000000183e-06 2.072799999999999873e-06 1.970819999999999962e-06
4.599999999999999645e+00 1.466899999999999881e-06 2.449279999999999867e-06 1.373180000000000124e-06 2.167470000000000019e-06 1.355400000000000186e-06 1.512569999999999945e-06 1.545560000000000030e-06 1.568170000000000099e-06 1.411820000000000105e-06 1.694259999999999979e-06 1.604409999999999899e-06
4.799999999999998934e+00 1.475809999999999978e-06 2.160860000000000094e-06 1.569299999999999950e-06 1.415210000000000084e-06 1.723509999999999953e-06 1.215389999999999980e-06 1.763109999999999963e-06 1.724559999999999926e-06 1.955070000000000155e-06 2.382689999999999798e-06 1.627149999999999956e-06
4.999999999999999112e+00 1.377689999999999891e-06 1.638659999999999825e-06 1.438499999999999864e-06 2.402720000000000011e-06 1.681690000000000072e-06 1.377980000000000061e-06 1.859860000000000138e-06 1.922759999999999782e-06 1.851610000000000048e-06 2.102020000000000078e-06 1.797240000000000177e-06
5.199999999999999289e+00 1.207890000000000051e-06 1.665789999999999936e-06 2.539860000000000192e-06 1.703739999999999929e-06 1.439680000000000038e-06 2.062669999999999769e-06 2.060460000000000174e-06 2.159700000000000261e-06 1.829489999999999953e-06 2.282229999999999916e-06 1.575210000000000035e-06
5.399999999999998579e+00 1.825910000000000023e-06 1.787699999999999841e-06 2.132179999999999972e-06 1.991619999999999830e-06 1.469119999999999963e-06 1.608070000000000132e-06 1.367789999999999994e-06 1.685930000000000010e-06 1.891029999999999960e-06 1.851060000000000112e-06 2.309500000000000080e-06
5.599999999999998757e+00 1.552849999999999879e-06 2.028509999999999997e-06 1.665039999999999986e-06 1.804660000000000015e-06 2.162959999999999616e-06 1.693520000000000093e-06 1.350300000000000014e-06 1.832559999999999993e-06 1.791569999999999942e-06 1.809360000000000156e-06 1.763120000000000028e-06
5.799999999999998934e+00 1.852389999999999979e-06 1.414179999999999816e-06 2.091629999999999996e-06 1.860930000000000028e-06 1.578140000000000022e-06 2.328020000000000116e-06 2.675070000000000038e-06 2.368289999999999987e-06 1.989240000000000202e-06 2.200179999999999999e-06 1.974340000000000142e-06
5.999999999999999112e+00 1.747260000000000149e-06 1.399510000000000175e-06 1.858149999999999946e-06 1.559920000000000008e-06 1.803440000000000008e-06 1.799079999999999934e-06 2.199829999999999655e-06 1.833390000000000034e-06 1.747299999999999983e-06 1.522240000000000057e-06 2.180839999999999774e-06
